% JNN m-file: Thu Mar 29 02:59:53 CST 2012
w1=[	0.15615 -0.06081 -0.10912 -0.06245 -0.11182 -0.16583 -0.18821 0.00542 -0.0215 0.04314 0.03302 -0.07692 -0.01529 -0.05151 0.05678 0.1096 -0.04808 -0.06384 -0.05217 -0.15664 -0.17314 0.25498 0.01986 -0.15179 0.04353 -0.11724 -0.13134 0.01617 -0.04987 -0.13328 -0.03814 -0.1497 0.10324 0.17342 -0.08289 0.03324 -0.22241 -0.06503 -0.19359 -0.06876 0.01403 0.03391 -0.00203 0.08871 0.2598 -0.27052 -0.05851 -0.23324 -0.09429 -0.13124 0.06268 0.06614 -0.07693 0.04895 0.01774 -0.12151 -0.10213 0.06513 0.03753 0.04564 -0.10508 0.04237 -0.02492 0.03241 0.09572 0.10327 6.2E-4 0.0322 -0.07815 0.04746 0.00918 -0.00486 0.23657 -0.05476 -0.1053 0.04669 -0.02475 0.02117 0.07494 -0.16687 -0.02255 0.05562 -0.2417 -0.00947 -0.15978 -0.03746 0.07641 -0.09697 -0.10696 -0.17304 0.01682 0.04283 -0.05962 -0.0058 -0.06606 0.01298 0.0785 0.18901 0.03453 -0.02149 -0.10114 0.08318 -0.16878 0.11623 -0.08291 -0.18969 -0.02984 -0.11907 0.11216 0.10429 -0.00886 -0.00372 0.06579 0.11471 -0.08743 -0.03727 -0.11657 -0.0192 -0.05512 1.7E-4 -0.10772 0.03229 -0.06852 0.12116 0.03204 -0.06093 -0.12392 0.11274 -0.14056 -0.19003 0.13391 -0.07399 0.11172 -0.07539 0.1764 -0.28863 -0.02719 0.18628 0.08693 0.1065 -0.05938 0.07727 -0.16955 -0.0418 -0.06925 -0.05582 0.1861 0.07377 -0.01905 -0.19049 -0.01398 -0.03174 0.04845 -0.09719 -0.14291 -0.02352 0.11535 0.03563 0.09818 -0.14023 -0.07561 -0.08766 -0.14583 -0.09527 0.03697 0.03808 -0.05859 -0.13417 -0.00133 0.04273 -0.03239 0.03151 0.0939 -0.10762 -0.06525 0.05734 -0.00949 -0.08298 -0.07078 0.08584 0.16876 0.018 -0.04652 -0.06331 0.08272 0.16574 0.11323 -0.18404 0.03062 0.01161 -0.14905 -0.02996 0.11095 -0.12854 0.03516 -0.03836 -0.04983 -0.18532 0.25482 0.08835 -0.05153 0.15964 -0.00292 0.12132 0.03864 0.0097 0.01149 -0.00719 0.08755 0.06173 0.02263 -0.04486 0.12656 -0.02648 0.15557 0.07701 -0.04829 0.06569 -0.12109 0.06948 0.05857 0.08614 -0.01286 -0.10309 0.00739 0.16964 -0.06624 0.00894 -0.03054 0.07909 -0.1356 0.03234 0.00476 0.10662 0.06192 0.19349 -0.07427 -0.0426 0.07485 0.02795 -0.06553 0.10405 -0.06377 0.03655 -0.20557 -0.06275 0.1706 -0.0087 -0.02509 -0.08845 0.20776 6.0E-5 0.00295 0.07513 -0.04347 -0.11278 -0.11084 -0.00653 0.09939 -0.02334 0.04847 0.22759 -0.0341 -0.01764 0.12119 -0.1185 -0.00706 0.03638 -0.12749 0.10305 -0.2006 0.06051 0.00855 -0.02538 0.00509 -0.0589 0.24028 0.19627 0.10982 0.13697 -0.01862 -0.03538 0.04003 0.05575 0.1955 -0.1436 -0.24411 -0.0958 0.11058 -0.12289 0.05798 0.03295 0.18749 0.02261 0.04701 0.1125 0.06757 -0.16024 0.10893 0.10875 -0.08677 -0.06344 0.03749 -0.07086 0.09706 -0.06756 0.02257 0.10741 -0.03352 0.12304 -0.0193 0.0306 -0.00177 0.04927 0.06731 0.08356 -0.09581 -0.02314 0.04245 0.03108 5.8E-4 -0.20557 -0.03597 -0.09432 -0.17079 0.0895 -0.12611 0.04456 -0.03046 0.02751 0.02107 0.04414 -0.10508 -0.07029 -0.32908 -0.12117 0.03724 -0.08995 -0.1592 0.02729 -0.15746 0.05942 0.00897 0.08827 0.05279 0.08442 -0.03242 0.12852 0.10667 0.00331 -0.11467 -0.0183 0.08215 0.02401 -0.00276 0.11882 -0.14095 -0.01448 0.09504 -0.13479 0.01265 -0.10905 0.11352 0.09542 -0.07167 -0.09784 -0.06103 -0.16868 -0.11221 0.03423 -0.15649 -0.13222 -0.05202 0.0207 0.15871 0.01867 -0.08344 -0.20756 0.00233 0.15857 -0.0374 0.00561 -0.11758 -0.19986 0.02746 0.1283 0.05745 0.05214 0.04613 0.14104 0.0322 -0.02284 0.11231 0.08682 0.04922 -0.10966 -0.10608 -0.06891 -0.18635 -0.01698 -0.1883 -0.06482 -0.10267 0.0681 -0.03908 0.04282 0.15016 0.12252 0.02799 0.02719 0.07196 -0.01364 -0.00123 -0.14174 -0.17166 -0.07367 0.04546 -0.02594 -0.21131 -0.01849 0.13297 -0.05597 -0.04912 -0.045 -0.0402 0.11761 -0.06678 -0.1572 -0.02705 -0.01199 -0.03554 -0.13057 -0.10725 -0.08306 0.0127 0.06103 -0.19959 -0.07005 -0.07071 0.13823 -0.04171 0.04204 -0.04486 -0.03845 -0.02804 -0.00943 -0.01702 -0.04401 0.08267 -0.13483 -0.03989 -0.08266 -0.03687 0.06587 0.07423 0.18267 -0.05129 -0.02346 0.09459 -0.03778 0.07305 -0.08907 -0.18368 -0.11091 -0.07018 -0.19041 -0.04591 -0.09647 -0.19412 -0.0551 0.01503 0.07226 -0.04374 0.08884 0.03728 0.11823 -0.01836 -0.07945 0.04508 0.09286 0.07716 0.0415 0.09158 0.03363 -0.1343 -0.0202 -0.05806 0.03586 0.1104 -0.03769 0.06118 -0.14345 0.04059 -0.17959 -0.07498 -0.24071 -0.21533 0.05161 -0.13103 -0.14194 -0.16292 -0.06078 0.13617 0.04259 0.13924 0.17256 -0.10027 -0.08286 -0.04154 -0.09449 0.15231 -0.15598 -0.06727 0.10017 -0.1301 -0.07492 0.11972 0.05546 0.08672 0.14272 0.21052 0.13241 -0.0237 0.07687 -0.07888 -0.08225 -0.11156 -0.06501 0.01233 -0.19968 -0.11532 -0.1011 -0.16213 -0.13241 -0.0305 0.01124 -7.6E-4 -0.00275 -0.0342 -0.34127 -0.07227 0.14321 0.04436 0.0881 -0.12052 0.0597 0.06371 0.0541 0.00339 -0.02377 0.1263 -0.05115 0.21789 0.15643 0.02503 0.04223 -0.0472 -0.08199 -0.34676 -0.06061 -0.10981 0.01961 -0.19148 -0.15209 -0.12978 -0.00508 -0.01765 0.0858 0.00134 -0.10423 0.01608 -0.03609 0.0809 -0.02579 -0.01773 0.13065 -0.06013 -0.04235 0.01777 0.06137 -0.04188 0.03016 -0.02442 -0.02575 -0.01127 0.15387 0.13545 0.02585 -0.06728 -0.10333 -0.28407 0.14611 -0.13433 -0.02365 -0.05611 -0.06169 0.07155 -0.02888 -0.04262 -0.02419 0.1923 -0.04303 0.20732 -0.06832 0.08425 -0.13194 0.02576 0.20056 0.08492 0.10972 0.11823 0.08577 -0.00594 0.03771 -0.00529 0.09929 -0.24643 -0.02318 0.07192 -0.06579 0.03173 -0.15211 -0.23484 -0.02165 -0.10221 -0.17293 -0.16469 -0.06591 -0.16967 0.07898 -0.09906 -0.05136 0.0231 0.08201 0.14811 -0.11303 0.01349 0.0656 -0.15616 -0.05152 0.10385 0.0047 -0.24019 0.15078 0.04813 0.00685 0.02911 0.05757 0.05199 0.03555 0.18155 0.04138 -0.02702 -0.08618 -0.17763 -0.24457 -0.13963 -0.12172 -0.1131 -0.17033 -0.13383 -0.19255 -0.06141 0.10258 0.17064 0.20874 -0.04282 -0.0328 -0.04331 0.03251 0.20162 -0.06843 0.22565 0.09533 -0.05341 0.07785 -0.01656 -0.04918 -0.16853 0.03793 0.23572 0.08741 0.08222 -0.07596 -0.11079 -0.20354 -0.15555 -0.19045 -0.11597 -0.10604 0.01016 -0.05979 -0.05494 -0.14192 0.00384 0.09063 0.02123 0.06272 0.14743 -0.1354 0.14619 -0.05736 0.05199 0.06587 -0.03022 0.14775 0.17121 0.15465 0.02756 0.0852 -0.04459 0.10498 0.08904 -0.05054 -0.07633 0.07176 -0.06358 0.08258 0.00371 -0.09904 0.03977 -0.08321 -0.21804 -0.05983 -0.28828 0.06845 -0.02789 0.05024 -0.01497 0.06961 -0.04283 0.03393 0.00713 -0.13054 -0.05069 0.22386 -0.14825 0.24941 0.06736 -0.10186 -0.02102 -0.26075 -0.14537 -0.00699 0.14229 0.18257 0.17672 -0.03451 -0.04059 -0.09535 -0.02743 -0.11801 -0.0105 -0.08818 0.02961 -0.19219 0.13363 0.01207 0.02321 0.07255 -0.00351 -0.03729 0.19619 0.06185 -0.06771 0.08661 0.09747 -0.12324 6.7E-4 -0.00923 0.09787 0.0363 0.08966 0.09396 -0.01897 -0.04346 -0.01447 0.22964 -0.0174 0.10147 -0.05327 0.0143 -0.00558 -0.11398 0.15458 -0.25485 -0.05036 0.0049 0.02105 0.09956 -0.11434 -0.03178 -0.14043 -0.08085 0.03035 0.1114 0.09076 -0.03706 0.01793 -0.07737 -0.05428 -0.0759 -0.04367 0.03197 -0.00974 0.06843 -0.27883 0.02132 0.08403 0.13001 -0.01844 0.15569 0.23865 -0.10511 -0.05924 -0.09084 -0.06936 0.0412 0.15267 0.01178 -0.01578 -0.06356 -0.07646 -0.07717 -0.11453 -0.1729 0.01655 0.0043 0.1378 -0.13252 -0.00968 -0.0711 0.09624 0.05612 -0.13935 -0.06425 0.00725 -0.05441 -0.02756 0.088 -0.11383 0.06839 0.11329 -0.03133 0.16739 0.10535 0.08603 -0.06665 0.02729 0.15237 -0.03936 0.03173 0.10853 -0.08787 -0.0681 -0.05021 -0.09623 -0.17586 -0.27513 0.08829 0.08343 0.07111 -0.00329 0.07683 0.06563 -0.02021 0.05353 -0.03844 -0.08247 -0.15976 0.14862 -0.03372 -8.6E-4 0.0182 -0.13711 -0.05758 0.11264 0.01585 -0.05516 -0.04522 -0.1317 -0.0152 -0.0807 0.11751 -0.00347 0.07228 0.18865 -0.06049 0.13373 -0.11227 -0.13001 -0.04594 -0.07212 -0.09842 -0.01576 -0.14619 -0.04217 -0.03663 -0.10001 0.01595 0.04764 0.10059 -0.04755 -0.03399 -0.08222 0.10969 0.03937 -0.0435 0.07104 0.04176 0.01027 0.06851 -0.13324 -0.16434 -0.1087 -0.08698 -0.06894 -0.17165 -0.11189 0.10894 -0.187 -0.21827 0.02089 -0.12736 0.00283 -0.06686 0.05333 0.05735 -0.04732 0.11744 -0.01874 0.05168 -0.10248 0.08662 0.11633 0.11268 -0.12965 -0.09248 0.01479 -0.14756 0.25198 0.11332 0.00168 