A = [1,-1.5042,0.9048];
B = [0,-0.8034,0.8034];
R = [1,1.496248934184327];
S = [-9.893438946868338e-3,-1.685095887042543];