% JNN m-file: Tue Mar 25 15:59:47 GMT+10:00 2003
w1=[0.08025 -0.09015 0.20809 0.07637 0.09845 -0.16834 -0.00272 0.00801 -0.04301 -0.06485 -0.04658 0.06835 -0.02434 -0.00761 0.00441 0.14914 -0.14922 -0.12989 0.01739 -0.07944 -0.07133 0.03354 -0.03117 0.03299 0.00313 -0.07719 -0.00433 -0.01761 -0.05849 -0.02082 -0.04003 0.08913 0.04107 -0.11712 -0.03905 0.04901 0.09597 0.07523 -0.06579 0.04497 -0.04294 0.14885 -0.07332 -0.01156 -0.23377 -0.10875 0.08898 -0.16394 -0.12769 -0.14472 -0.25713 -0.16136 -0.08093 -0.28292 -0.08449 0.04609 -0.09453 -0.1171 -0.20105 0.02906 0.03859 -0.02181 0.09559 0.02807 0.22138 -0.00482 0.10912 0.33689 -0.22539 -0.03771 0.11576 -0.1205 0.07682 -0.09724 -0.24693 -0.18295 0.07463 -0.06488 -0.1727 -0.027 -0.20097 -0.32973 -0.03821 -0.08033 0.09848 -0.14218 -0.10426 -0.2381 -0.0607 -0.03331 -0.02369 -0.05703 0.14247 0.09933 0.07545 0.05741 0.10288 -0.1449 0.05994 -0.07417 -0.06573 0.03652 0.00923 -0.05962 -0.07448 -0.15271 -0.17834 0.02104 -0.19748 -0.03121 -0.11553 -0.07396 -0.18781 -0.19737 -0.18873 0.01773 -0.07568 -0.04604 -0.16564 -0.11195 -0.02124 -0.1925 -0.02305 -0.08529 0.13333 0.18739 -0.17734 0.01027 -0.12125 0.09064 -0.01533 -0.03152 -0.03894 -0.08121 0.0155 0.02741 -0.17545 0.05786 -0.03403 0.00116 -0.14803 -0.03977 -0.11888 0.0553 -0.0058 0.05086 0.00156 -0.15393 -0.087 0.16901 -0.05345 -0.08613 0.01632 -0.03839 -0.16502 0.02085 0.01557 -0.0080 0.10008 0.05328 -0.26617 -0.07506 0.12708 0.01524 0.15242 0.14364 0.05553 0.02996 -0.20214 -0.00179 0.16291 0.05714 -0.04158 -0.14304 -0.09547 -0.02231 0.02358 0.17998 0.23435 0.03642 0.0517 0.20654 -0.06936 -0.06138 -0.20304 -0.0286 -0.05752 -0.13987 -0.17561 0.06125 -0.109 -0.04214 -0.15625 0.02262 -0.10429 -0.13656 0.06412 0.01694 -0.21892 -0.24803 -0.03954 0.08519 -0.05914 0.01152 -0.08574 -0.14623 -0.0211 0.01518 -0.11473 -0.09831 0.10145 0.16033 0.0701 0.19291 0.09726 -0.19775 -0.02157 0.01268 0.14005 -0.04097 0.03072 0.05569 0.06102 0.05057 -0.04049 -0.1022 -0.08513 -0.0926 -0.06216 -0.09213 -0.28139 -0.04015 0.01499 0.05855 0.01251 0.08812 0.20124 -0.06807 0.11184 0.00645 0.06326 -0.14879 0.10098 0.12209 0.21739 0.25495 0.12106 0.21802 0.17638 -0.02603 -0.08502 0.14755 -0.00105 0.01283 -0.13824 -0.15726 0.00529 0.07601 0.10816 -0.18262 -0.07942 0.05066 -0.06857 0.19975 0.11893 -0.14126 0.0574 0.02627 -0.05436 0.1024 -0.17705 0.22262 0.18257 0.13353 0.16586 0.11622 0.07533 0.34059 0.21191 0.09137 0.03773 -0.02621 0.06109 0.09438 -0.05452 -0.10711 0.02198 0.11862 0.16724 -0.09587 -0.18598 0.14601 -0.07483 0.08898 0.03578 0.13599 0.32182 0.04905 0.17831 -0.15863 -0.03424 -0.13991 -0.06565 -0.03578 -0.24098 -0.19032 -0.12904 0.19749 -0.02528 -0.08304 0.1481 0.19201 0.10968 -0.12447 0.18797 -0.06847 -0.05678 0.0483 0.15779 0.10073 -0.02175 0.00474 0.07744 -0.05214 -0.17655 0.06697 -0.07143 -0.136 0.04267 -0.08156 -0.06761 0.00858 -0.10663 -0.09183 0.01681 -0.22339 -0.21838 -0.19978 -0.1691 0.0451 -0.05585 0.12321 0.2055 0.23583 0.21328 0.03061 0.1046 -0.04958 -0.12632 0.10487 -0.04065 -0.01746 0.04021 0.26491 0.01257 -0.06658 -0.13486 0.04587 0.19077 0.08083 -0.0418 -0.05769 0.00677 -0.02596 -0.2398 -0.07981 -0.25164 -0.0789 -0.3546 -0.35892 -0.19916 -0.25778 0.13738 0.0143 0.46839 0.16218 0.20992 -0.16098 0.04141 -0.26229 0.00175 -0.06162 -0.06329 0.07356 0.04235 0.07761 0.0328 0.08115 0.15815 0.17007 0.06988 -0.04405 0.08136 -0.042 -0.07957 -0.05868 -0.08101 -0.19044 -0.45224 -0.27523 -0.22621 -0.19729 0.05607 -0.09166 0.08278 0.03208 0.05089 0.24576 -0.05464 -0.05484 0.0472 -0.09072 -0.18475 -0.17368 -0.04072 -0.10837 0.05058 -0.05823 -0.16111 0.01137 -0.2471 0.0945 -0.05496 0.04631 0.09663 0.04492 -0.21444 -0.09421 -0.14316 -0.02816 -0.16539 -0.0654 -0.09823 -0.25813 -0.3184 -0.11643 0.20363 -0.01491 0.19533 0.13203 0.22395 0.1069 -0.04428 0.07881 0.05092 0.03458 -0.17577 0.06687 -0.08311 0.1476 0.12633 0.03603 0.22894 -0.0875 -0.04506 0.26293 0.15961 0.01864 -0.03911 -0.02289 -0.10537 -0.11638 -0.08085 -0.1948 -0.31113 -0.24064 -0.01892 -0.02431 -0.25436 -0.022 -0.02389 0.00435 0.31476 0.06144 -0.18507 0.09926 -0.06492 0.15294 -0.04917 0.08018 0.08293 -0.1671 0.05188 -0.11346 -0.14924 0.00909 -0.02078 0.25697 0.24393 0.09121 -0.19364 0.15848 -0.07178 -0.13135 -0.36509 -0.1335 -0.12315 -0.30043 -0.34552 -0.07121 -0.16428 -0.19148 0.00276 0.12673 0.22311 0.03904 -0.19607 0.11994 0.00362 0.18418 -0.04186 -0.07398 0.02473 0.04207 0.16269 0.08363 0.06676 0.0834 0.00844 0.39833 0.23575 0.07092 -0.00112 0.04203 -0.28808 -0.11881 -0.07328 -0.32561 -0.34168 -0.17439 -0.17306 -0.33629 -0.18226 -0.17788 -0.13702 0.14851 0.19928 0.04458 -0.08995 0.19321 -0.01231 -0.13918 -0.01347 -0.02033 0.01312 0.00828 -0.15037 -0.09474 -0.21905 0.0348 -0.02801 0.12255 0.27764 0.14702 -0.12617 0.16689 0.08362 -0.03567 -0.18349 -0.10367 -0.0737 -0.41655 -0.38478 -0.2572 -0.16808 -0.08371 0.00387 0.28172 0.03053 -0.04091 0.01579 0.05664 -0.0851 -0.0207 0.09869 0.0167 0.09207 -0.21652 0.02617 0.01307 -0.02854 -0.18917 0.01048 0.25922 0.32351 0.03238 -0.11611 -0.10889 -0.06376 0.05899 -0.01063 -0.13785 -0.32053 -0.30008 -0.17104 -0.23337 -0.37987 -0.34837 -0.10941 0.01867 0.22501 0.04893 0.04336 0.06388 0.06108 0.16295 0.0279 -0.1479 -0.01704 -0.02927 -0.10268 0.05377 0.11532 -0.17345 0.02918 0.06418 0.04017 0.30002 -0.03671 0.05191 -0.1645 -0.0691 0.02344 -0.03925 -0.06473 -0.0709 -0.08652 -0.22059 -0.26473 -0.05946 0.03884 0.04556 0.18492 0.03047 -0.03192 -0.10567 -0.01452 0.0343 0.06009 -0.0155 -0.12473 -0.00764 0.09572 -0.00943 -0.21084 -0.01217 -0.24885 0.14533 0.13655 0.24572 0.29617 0.16126 -0.25707 0.05085 -0.06818 -0.0956 -0.10618 -0.29129 -0.00496 -0.05698 -0.32381 -0.15358 0.03351 -0.05043 -0.00227 0.0431 -0.02184 0.03539 0.0936 0.03256 -0.02413 -0.08575 0.11322 -0.1371 0.02878 0.16213 -0.20902 -0.10438 -0.28636 0.12147 0.19419 0.25235 0.20468 0.13573 -0.01474 -0.18098 -0.18817 -0.39829 -0.2309 -0.03096 -0.17778 -0.11127 -0.00797 -0.12677 0.00508 0.0477 0.04194 0.03601 0.19128 -0.00234 0.16958 -0.08625 -0.00994 0.05591 -0.00254 0.12454 -0.13942 -0.17067 -0.06262 -0.08489 -0.18293 0.09423 0.24502 0.16137 0.23973 0.16221 -0.00978 -0.21943 -0.02349 -0.41728 -0.27388 -0.2809 -0.10927 0.01238 0.00608 -0.06029 0.04401 0.07094 -0.15122 0.05931 -0.06351 -0.08003 -0.02173 -0.16211 -0.06599 -0.02434 0.05551 -0.15388 0.19686 -7.4E-4 0.01185 -0.18905 0.09196 0.05699 -0.00214 0.15114 0.28034 0.21336 0.15118 -0.01543 0.01082 -0.2223 -0.01069 -0.05955 -0.13204 -0.18828 0.12631 0.05572 0.06548 0.25058 -0.24704 -0.16913 -0.0503 0.05808 -0.07417 -0.07919 0.09878 0.03458 0.06353 0.08661 0.00638 0.05597 -0.02872 -0.21228 -0.17115 -0.23957 0.12523 0.10011 0.04105 0.28974 -0.11912 -0.0272 -0.15122 -0.22829 -0.13318 -0.06966 -0.0676 -0.07734 0.10264 0.22235 -0.04167 0.08085 0.06314 -0.02133 -0.20286 0.00656 0.03539 0.11875 -0.05687 -0.12603 -0.0238 0.11779 -0.18266 -0.07334 -0.16557 -0.20431 -0.12819 -0.04749 0.04435 0.00394 0.20529 0.09992 -0.11592 0.05139 0.09375 -0.09783 -0.02852 -0.03575 0.11568 0.17474 0.18163 0.26319 0.07851 -0.00416 -0.14181 -0.11524 -0.20154 0.08724 -0.03373 -0.0244 -0.01658 0.09473 -0.02909 0.13652 0.14318 -0.01492 -0.02745 -0.06837 0.04143 0.12268 -0.10858 -0.02266 0.17006 0.16615 -0.00878 0.13136 0.19732 0.1191 -0.05472 -0.00148 0.14453 0.12154 0.29366 0.02743 -0.06557 -0.14573 -0.20984 -0.13358 -0.39969 -0.26538 0.03688 0.19863 0.02861 0.10128 0.08602 -0.06476 -0.04238 0.00494 -0.08492 0.13896 0.10336 0.11947 -0.00522 -0.01681 0.13855 -0.17367 0.11242 -0.09628 0.02422 -0.0297 -0.13006 -0.08559 -0.14998 0.03058 -0.00455 0.3216 -0.03946 0.00875 -0.23118 -0.2993 -0.02875 -0.04257 0.07639 0.0481 -0.06518 0.10468 0.00851 0.01962 -0.06633 0.02511 0.09374 -0.07075 0.06561 0.00645 -0.11861 -0.09941 0.03172 -0.12168 0.00512 -0.06034 0.13644 -0.01611 -0.0988 -0.13305 -0.09754 0.04148 0.02475 -0.02489 0.07998 -0.07548 0.03104 -0.21318 0.05961 -0.08741 0.03343 0.00366 2.2E-4 0.10677 -0.11206 0.04168 -0.0076 -0.21665 -0.12039 0.12591 -0.06845 0.13251 -0.17986 -0.06477 -0.11519 -0.32396 